440 645 12.0
777 316 9.0
358 807 9.0
434 324 7.0
264 242 9.0
600 510 7.0
215 983 12.0
702 277 8.0
206 318 9.0
183 224 10.0
422 908 10.0
281 168 9.0
905 407 10.0
647 350 7.0
609 162 9.0
951 710 11.0
419 622 7.0
170 194 10.0
165 492 9.0
801 61 12.0
612 313 7.0
249 277 9.0
94 855 12.0
623 211 8.0
193 100 11.0
612 765 8.0
918 52 12.0
925 862 12.0
449 359 7.0
525 770 8.0
873 116 12.0
422 850 9.0
258 849 10.0
935 862 12.0
272 773 9.0
653 950 11.0
617 658 7.0
50 172 12.0
992 1 12.0
435 715 7.0
676 731 8.0
176 38 12.0
214 807 10.0
39 824 12.0
542 150 9.0
526 529 7.0
750 194 9.0
411 482 7.0
806 58 12.0
209 630 8.0
221 393 8.0
379 826 9.0
512 636 7.0
254 149 10.0
118 843 11.0
462 28 11.0
167 694 9.0
288 975 11.0
954 897 12.0
964 494 11.0
840 928 12.0
71 196 11.0
344 457 7.0
101 873 12.0
12 323 11.0
53 262 11.0
630 174 9.0
176 342 9.0
466 452 7.0
721 179 9.0
450 183 8.0
552 529 7.0
770 789 9.0
232 593 8.0
5 218 12.0
39 740 11.0
931 28 12.0
695 149 10.0
303 219 9.0
314 329 8.0
143 929 12.0
539 158 9.0
257 11 12.0
940 975 12.0
399 173 9.0
177 220 10.0
872 731 10.0
795 216 10.0
434 564 7.0
712 233 9.0
517 753 8.0
618 385 7.0
882 54 12.0
997 441 11.0
839 447 9.0
569 544 7.0
865 799 11.0
802 988 12.0
36 310 11.0
748 652 8.0
261 715 8.0
740 687 8.0
520 451 7.0
418 35 11.0
515 880 9.0
235 250 9.0
802 85 11.0
155 750 10.0
185 692 9.0
20 166 12.0
881 778 11.0
692 248 8.0
964 753 11.0
878 2 12.0
198 720 9.0
763 869 10.0
705 824 9.0
812 824 10.0
613 937 10.0
359 150 9.0
860 266 10.0
827 574 9.0
485 655 7.0
125 911 12.0
840 540 9.0
207 479 8.0
603 129 9.0
133 671 10.0
896 973 12.0
730 687 8.0
570 776 8.0
140 318 10.0
109 494 9.0
91 102 12.0
202 7 12.0
384 350 7.0
783 639 8.0
442 196 8.0
41 215 12.0
735 700 8.0
67 364 10.0
54 454 10.0
564 169 9.0
987 251 12.0
612 799 8.0
357 823 9.0
14 788 12.0
902 60 12.0
511 669 7.0
124 965 12.0
70 630 10.0
597 352 7.0
171 668 9.0
323 801 9.0
861 507 9.0
350 700 8.0
965 686 11.0
253 369 8.0
212 316 9.0
680 226 8.0
578 612 7.0
608 494 7.0
1000 134 12.0
648 0 11.0
245 191 10.0
375 687 7.0
937 494 10.0
308 583 7.0
494 505 7.0
990 996 12.0
739 513 8.0
481 438 7.0
144 838 11.0
892 358 10.0
699 474 7.0
34 991 12.0
484 698 7.0
214 713 9.0
945 476 10.0
859 240 10.0
139 9 12.0
385 670 7.0
407 507 7.0
267 947 11.0
679 897 10.0
947 612 10.0
637 553 7.0
476 37 11.0
141 960 12.0
181 348 9.0
439 672 7.0
526 985 11.0
356 271 8.0
320 136 10.0
154 419 9.0
278 344 8.0
731 580 8.0
158 220 10.0
532 785 8.0
180 913 11.0
511 14 11.0
786 912 11.0
108 915 12.0
887 149 11.0
233 52 11.0
165 649 9.0
137 519 9.0
216 778 9.0
487 493 7.0
953 179 12.0
823 309 9.0
205 428 8.0
949 62 12.0
606 976 11.0
675 370 7.0
595 401 7.0
394 994 11.0
420 853 9.0
211 368 8.0
953 250 11.0
19 457 11.0
554 332 7.0
699 638 8.0
737 799 9.0
30 978 12.0
997 679 11.0
46 345 11.0
444 894 10.0
691 942 11.0
784 32 12.0
256 330 8.0
735 526 8.0
397 880 9.0
715 58 11.0
283 626 8.0
68 114 12.0
839 752 10.0
441 564 7.0
258 79 11.0
54 290 11.0
284 215 9.0
400 388 7.0
377 201 8.0
227 176 10.0
948 381 11.0
343 389 7.0
50 98 12.0
101 496 10.0
460 549 7.0
312 115 10.0
398 60 10.0
847 46 12.0
704 700 8.0
596 235 8.0
874 577 9.0
297 893 10.0
21 235 12.0
910 141 12.0
372 319 7.0
446 365 7.0
617 779 8.0
970 71 12.0
911 608 10.0
55 262 11.0
128 480 9.0
439 604 7.0
400 695 7.0
866 647 9.0
39 576 11.0
756 374 8.0
612 214 8.0
272 441 8.0
503 375 7.0
930 610 10.0
652 764 8.0
708 561 7.0
255 292 8.0
876 8 12.0
950 103 12.0
788 192 10.0
73 622 10.0
440 273 8.0
589 793 8.0
78 168 12.0
102 952 12.0
710 601 7.0
817 226 10.0
492 769 8.0
187 617 9.0
663 841 9.0
841 271 10.0
16 649 11.0
937 984 12.0
717 585 8.0
881 890 12.0
366 315 7.0
416 647 7.0
468 234 8.0
134 967 12.0
545 219 8.0
352 774 8.0
441 976 11.0
69 70 12.0
63 999 12.0
340 732 8.0
886 663 10.0
805 707 9.0
421 8 11.0
106 335 10.0
124 734 10.0
346 721 8.0
368 582 7.0
47 564 10.0
73 971 12.0
574 94 10.0
702 225 9.0
463 759 8.0
549 821 8.0
922 170 12.0
363 158 9.0
557 444 7.0
684 765 8.0
710 724 8.0
542 340 7.0
607 761 8.0
404 972 11.0
545 120 9.0
363 244 8.0
254 438 8.0
394 382 7.0
523 842 9.0
421 707 7.0
616 783 8.0
734 588 8.0
9 631 11.0
810 668 9.0
929 868 12.0
242 118 10.0
889 48 12.0
410 580 7.0
311 384 7.0
44 796 12.0
535 613 7.0
789 659 9.0
675 980 11.0
169 165 11.0
696 420 7.0
234 348 8.0
130 263 10.0
791 332 9.0
756 646 8.0
205 832 10.0
828 293 9.0
601 137 9.0
670 995 11.0
873 0 12.0
265 631 8.0
817 341 9.0
329 358 7.0
313 333 8.0
28 77 12.0
180 30 12.0
104 339 10.0
651 534 7.0
757 642 8.0
841 174 11.0
814 721 9.0
550 434 7.0
237 109 11.0
781 967 12.0
598 78 10.0
895 115 12.0
420 581 7.0
751 4 12.0
364 804 9.0
136 649 9.0
50 954 12.0
230 624 8.0
774 666 8.0
807 97 11.0
518 565 7.0
536 486 7.0
369 226 8.0
771 20 12.0
918 259 11.0
739 882 10.0
63 885 12.0
312 823 9.0
719 743 8.0
715 584 7.0
907 148 12.0
935 815 12.0
946 687 11.0
549 864 9.0
713 424 7.0
632 886 10.0
816 771 10.0
883 741 10.0
605 887 10.0
728 75 11.0
629 384 7.0
345 445 7.0
598 147 9.0
862 696 10.0
847 303 10.0
257 980 12.0
526 839 9.0
108 653 10.0
288 404 7.0
323 17 11.0
436 172 9.0
288 825 9.0
531 817 8.0
911 291 10.0
211 580 8.0
132 944 12.0
594 167 9.0
218 176 10.0
4 612 11.0
899 288 10.0
353 437 7.0
28 415 11.0
903 226 11.0
647 583 7.0
374 847 9.0
547 255 8.0
723 376 8.0
469 105 9.0
504 34 11.0
757 846 10.0
107 926 12.0
367 1000 11.0
946 907 12.0
426 121 9.0
333 312 8.0
699 78 11.0
523 654 7.0
738 883 10.0
328 628 7.0
55 391 10.0
281 711 8.0
451 10 11.0
906 717 10.0
738 667 8.0
258 187 9.0
732 410 8.0
415 665 7.0
799 30 12.0
277 350 8.0
819 269 9.0
933 29 12.0
743 620 8.0
956 320 11.0
618 147 9.0
605 241 8.0
435 646 7.0
286 227 9.0
714 979 11.0
613 689 7.0
162 940 12.0
517 306 7.0
214 914 11.0
815 448 8.0
356 782 8.0
559 94 10.0
49 655 11.0
603 937 10.0
340 868 10.0
553 277 7.0
498 487 7.0
278 922 11.0
881 285 10.0
742 404 8.0
404 461 7.0
971 589 11.0
933 337 11.0
54 487 10.0
179 341 9.0
632 797 8.0
844 882 11.0
291 237 9.0
164 505 9.0
463 247 8.0
628 916 10.0
488 684 7.0
754 833 10.0
321 19 11.0
911 167 11.0
541 512 7.0
358 506 7.0
206 160 10.0
596 257 8.0
581 578 7.0
342 821 9.0
521 689 7.0
3 200 12.0
680 358 7.0
425 861 9.0
425 665 7.0
478 535 7.0
38 762 11.0
918 243 11.0
257 601 8.0
994 546 11.0
525 454 7.0
448 426 7.0
502 751 8.0
487 944 10.0
293 878 10.0
391 369 7.0
622 329 7.0
899 343 10.0
382 903 10.0
918 152 12.0
569 866 9.0
314 193 9.0
479 946 10.0
130 985 12.0
117 694 10.0
632 437 7.0
594 9 11.0
135 505 9.0
848 183 11.0
32 277 11.0
133 915 12.0
489 68 10.0
86 594 10.0
307 398 7.0
628 574 7.0
372 401 7.0
348 951 11.0
385 947 10.0
532 284 7.0
960 120 12.0
794 20 12.0
360 134 9.0
975 35 12.0
928 606 10.0
294 174 9.0
644 179 9.0
178 725 9.0
889 600 10.0
675 783 9.0
486 940 10.0
600 155 9.0
774 372 8.0
897 569 10.0
952 515 10.0
462 190 8.0
864 595 9.0
693 872 10.0
459 178 8.0
880 345 10.0
713 2 12.0
868 238 10.0
904 147 12.0
348 465 7.0
731 774 9.0
480 83 10.0
432 277 8.0
66 37 12.0
845 844 11.0
954 638 11.0
140 274 10.0
353 611 7.0
86 922 12.0
297 460 7.0
730 323 8.0
666 958 11.0
351 989 11.0
92 571 10.0
699 98 10.0
429 409 7.0
140 58 12.0
983 999 12.0
261 501 8.0
851 37 12.0
581 665 7.0
366 822 9.0
474 859 9.0
783 831 10.0
645 507 7.0
811 608 9.0
863 711 10.0
570 629 7.0
122 259 10.0
903 784 11.0
219 882 11.0
649 855 9.0
301 715 8.0
492 670 7.0
730 756 9.0
433 286 7.0
298 894 10.0
983 891 12.0
550 283 7.0
354 662 7.0
336 23 11.0
377 227 8.0
352 597 7.0
215 705 9.0
243 813 10.0
103 463 10.0
214 11 12.0
709 560 7.0
339 986 11.0
983 550 11.0
762 577 8.0
146 963 12.0
331 479 7.0
599 329 7.0
193 918 11.0
52 836 12.0
253 948 11.0
927 478 10.0
275 899 10.0
765 663 8.0
458 227 8.0
627 985 11.0
813 539 8.0
785 407 8.0
13 93 12.0
873 903 12.0
383 149 9.0
35 41 12.0
510 256 8.0
630 170 9.0
38 59 12.0
730 98 11.0
678 949 11.0
632 913 10.0
423 144 9.0
285 153 10.0
270 937 11.0
753 972 12.0
664 588 7.0
116 728 10.0
851 454 9.0
267 607 8.0
761 646 8.0
136 895 12.0
573 424 7.0
501 638 7.0
776 294 9.0
457 577 7.0
191 916 11.0
106 404 10.0
709 66 11.0
596 611 7.0
826 598 9.0
340 90 10.0
716 21 11.0
511 111 9.0
765 281 9.0
526 381 7.0
191 972 12.0
135 429 9.0
895 700 10.0
373 510 7.0
521 81 10.0
243 258 9.0
942 942 12.0
54 187 12.0
699 760 8.0
237 428 8.0
757 716 9.0
627 319 7.0
353 753 8.0
943 363 11.0
49 322 11.0
912 58 12.0
793 351 8.0
881 977 12.0
868 106 12.0
702 199 9.0
529 157 9.0
228 746 9.0
93 179 11.0
400 174 9.0
219 570 8.0
900 316 10.0
655 750 8.0
72 959 12.0
32 134 12.0
669 98 10.0
831 72 12.0
745 878 10.0
622 771 8.0
366 801 9.0
135 135 11.0
291 147 10.0
184 663 9.0
199 939 12.0
327 117 10.0
868 832 11.0
159 781 10.0
704 443 7.0
287 36 11.0
1 912 12.0
38 512 10.0
126 654 10.0
601 139 9.0
943 211 11.0
513 331 7.0
290 530 7.0
431 370 7.0
784 28 12.0
390 973 11.0
893 134 12.0
856 858 11.0
941 797 12.0
875 668 10.0
852 600 9.0
854 909 12.0
899 259 11.0
954 666 11.0
117 389 10.0
671 222 8.0
276 334 8.0
701 367 8.0
704 344 8.0
67 467 10.0
377 271 8.0
574 161 9.0
331 599 7.0
676 846 9.0
71 392 10.0
948 82 12.0
532 759 8.0
743 868 10.0
53 421 10.0
110 780 11.0
661 447 7.0
856 306 10.0
541 910 10.0
695 185 9.0
246 777 9.0
839 516 9.0
712 104 10.0
29 334 11.0
34 78 12.0
850 734 10.0
678 156 9.0
351 795 9.0
385 232 8.0
762 874 10.0
545 824 8.0
913 957 12.0
178 926 12.0
106 467 9.0
367 446 7.0
627 276 8.0
955 81 12.0
608 24 11.0
249 494 8.0
51 165 12.0
529 69 10.0
970 334 11.0
459 876 9.0
627 123 9.0
410 554 7.0
526 512 7.0
196 36 12.0
843 925 12.0
931 748 11.0
336 664 7.0
130 496 9.0
76 454 10.0
798 350 9.0
666 473 7.0
12 470 11.0
427 105 10.0
847 531 9.0
548 740 8.0
79 943 12.0
790 477 8.0
194 694 9.0
250 900 11.0
546 982 11.0
616 503 7.0
884 589 9.0
434 556 7.0
744 86 11.0
419 724 8.0
432 455 7.0
695 656 8.0
473 374 7.0
193 567 8.0
9 949 12.0
666 63 11.0
479 438 7.0
142 713 10.0
772 279 9.0
938 687 11.0
359 850 9.0
459 477 7.0
294 877 10.0
109 914 12.0
407 998 11.0
549 303 7.0
513 196 8.0
785 401 8.0
105 630 10.0
82 108 12.0
528 742 8.0
756 301 8.0
722 351 8.0
330 250 8.0
864 996 12.0
147 535 9.0
4 410 11.0
845 238 10.0
330 23 11.0
312 357 8.0
72 292 11.0
648 916 10.0
755 971 12.0
121 408 9.0
859 130 11.0
817 572 8.0
40 879 12.0
868 212 11.0
219 35 12.0
727 982 12.0
535 625 7.0
577 757 8.0
255 349 8.0
991 787 12.0
960 244 11.0
893 859 12.0
246 978 12.0
663 339 7.0
434 64 10.0
744 804 9.0
269 114 10.0
666 991 11.0
876 520 9.0
310 875 10.0
898 146 12.0
622 203 8.0
977 762 12.0
282 552 7.0
578 417 7.0
167 798 10.0
217 647 8.0
895 752 11.0
235 502 8.0
337 190 9.0
628 213 8.0
60 657 11.0
139 124 11.0
53 670 11.0
640 557 7.0
598 597 7.0
799 463 8.0
951 639 11.0
25 389 11.0
971 664 11.0
89 325 10.0
377 410 7.0
386 128 9.0
347 172 9.0
730 137 10.0
384 447 7.0
311 291 8.0
536 321 7.0
271 445 8.0
86 904 12.0
322 880 10.0
253 187 10.0
533 794 8.0
76 856 12.0
908 437 10.0
447 920 10.0
760 210 9.0
940 278 11.0
758 316 8.0
521 970 11.0
813 620 9.0
920 706 11.0
987 735 12.0
135 191 11.0
671 266 8.0
224 962 12.0
684 241 8.0
342 87 10.0
151 709 10.0
439 134 9.0
65 731 11.0
413 718 8.0
823 29 12.0
842 837 11.0
913 18 12.0
6 99 12.0
316 832 9.0
828 817 10.0
800 720 9.0
130 787 11.0
520 308 7.0
483 246 8.0
598 530 7.0
689 382 7.0
52 430 10.0
351 16 11.0
690 69 11.0
514 849 9.0
672 9 11.0
995 562 11.0
149 49 12.0
697 890 10.0
100 636 10.0
583 973 11.0
448 202 8.0
147 463 9.0
388 328 7.0
419 489 7.0
300 976 11.0
725 432 8.0
617 642 7.0
80 885 12.0
380 520 7.0
289 49 11.0
775 779 9.0
494 209 8.0
121 946 12.0
658 119 10.0
714 863 10.0
414 893 10.0
633 199 8.0
428 198 8.0
914 162 12.0
717 787 9.0
556 3 11.0
290 838 9.0
545 325 7.0
964 561 11.0
568 674 7.0
297 714 8.0
142 299 10.0
242 105 11.0
341 346 7.0
6 489 11.0
195 907 11.0
848 303 10.0
905 121 12.0
768 339 8.0
681 12 11.0
242 314 8.0
721 330 8.0
166 453 9.0
573 341 7.0
808 527 8.0
190 409 8.0
341 837 9.0
47 822 12.0
940 67 12.0
926 884 12.0
992 359 11.0
165 267 10.0
886 756 11.0
872 341 10.0
31 591 11.0
282 515 7.0
285 751 9.0
807 206 10.0
661 527 7.0
597 630 7.0
264 267 9.0
983 674 11.0
532 472 7.0
199 10 12.0
442 712 7.0
31 553 11.0
492 478 7.0
715 787 9.0
481 492 7.0
985 154 12.0
156 660 9.0
21 381 11.0
794 157 10.0
121 95 12.0
890 528 9.0
274 725 8.0
967 121 12.0
69 98 12.0
273 643 8.0
780 361 8.0
77 594 10.0
842 822 11.0
948 929 12.0
655 160 9.0
770 751 9.0
780 785 10.0
312 314 8.0
862 511 9.0
330 728 8.0
614 951 11.0
35 336 11.0
132 657 10.0
935 781 11.0
